a<-19
b<-10
