a<-19
b<-10
c<-100